-1000.000       0.035760      -0.033760       0.412389     315.727884
    -999.000       0.037070      -0.030250       0.413833     309.527876
    -998.000       0.038470      -0.024092       0.415087     303.649049
    -997.000       0.039755      -0.015352       0.416110     298.570442
    -996.000       0.041056      -0.004698       0.416873     294.772630
    -995.000       0.042323       0.007034       0.417360     292.704945
    -994.000       0.043485       0.018892       0.417558     292.683231
    -993.000       0.044716       0.029933       0.417462     294.764471
    -992.000       0.045820       0.038991       0.417084     299.021262
    -991.000       0.046878       0.045217       0.416432     305.218838
    -990.000       0.047970       0.047962       0.415525     312.900426
    -989.000       0.048931       0.046648       0.414393     321.635708
    -988.000       0.049848       0.041283       0.413063     330.594660
    -987.000       0.050778       0.032206       0.411571     339.021319
    -986.000       0.051586       0.019886       0.409958     346.082924
    -985.000       0.052392       0.005459       0.408264     351.019817
    -984.000       0.053090      -0.009936       0.406536     353.201206
    -983.000       0.053791      -0.024931       0.404823     352.365203
    -982.000       0.054442      -0.038180       0.403169     348.433247
    -981.000       0.054952      -0.048262       0.401622     341.689218
    -980.000       0.055530      -0.054402       0.400226     332.802079
    -979.000       0.055983      -0.055730       0.399015     322.535118
    -978.000       0.056389      -0.052094       0.398022     311.865581
    -977.000       0.056746      -0.043731       0.397275     301.763773
    -976.000       0.057069      -0.031389       0.396784     293.138296
    -975.000       0.057312      -0.015962       0.396560     286.658726
    -974.000       0.057508       0.000847       0.396603     282.960640
    -973.000       0.057669       0.017764       0.396901     282.261295
    -972.000       0.057777       0.033195       0.397442     284.670776
    -971.000       0.057799       0.045588       0.398210     289.992173
    -970.000       0.057815       0.054013       0.399176     297.820821
    -969.000       0.057814       0.057680       0.400317     307.527235
    -968.000       0.057650       0.056166       0.401602     318.282085
    -967.000       0.057562       0.049858       0.402996     329.215931
    -966.000       0.057378       0.039288       0.404467     339.228349
    -965.000       0.057147       0.025344       0.405980     347.534656
    -964.000       0.056892       0.009458       0.407499     353.274546
    -963.000       0.056586      -0.007026       0.408994     355.966432
    -962.000       0.056263      -0.022782       0.410431     355.425434
    -961.000       0.055906      -0.036293       0.411782     351.770467
    -960.000       0.055435      -0.046548       0.413025     345.355212
    -959.000       0.055079      -0.052857       0.414142     336.998391
    -958.000       0.054536      -0.054535       0.415114     327.353241
    -957.000       0.054020      -0.051735       0.415933     317.415177
    -956.000       0.053522      -0.044800       0.416587     308.004232
    -955.000       0.052903      -0.034232       0.417067     299.822262
    -954.000       0.052295      -0.021171       0.417370     293.515501
    -953.000       0.051677      -0.006776       0.417491     289.483109
    -952.000       0.050991       0.007937       0.417427     287.935109
    -951.000       0.050295       0.021492       0.417180     288.914947
    -950.000       0.049542       0.032958       0.416751     292.291818
    -949.000       0.048796       0.041419       0.416143     297.709691
    -948.000       0.048022       0.046273       0.415367     304.731540
    -947.000       0.047131       0.047125       0.414434     312.762357
    -946.000       0.046360       0.044266       0.413358     321.079882
    -945.000       0.045457       0.037793       0.412156     329.027606
    -944.000       0.044545       0.028510       0.410845     335.861175
    -943.000       0.043664       0.017294       0.409445     341.046825
    -942.000       0.042712       0.005087       0.407978     344.111074
    -941.000       0.041772      -0.007063       0.406465     344.878877
    -940.000       0.040771      -0.018002       0.404932     343.300950
    -939.000       0.039802      -0.027038       0.403403     339.666709
    -938.000       0.038790      -0.033398       0.401906     334.326280
    -937.000       0.037734      -0.036606       0.400469     327.893063
    -936.000       0.036701      -0.036662       0.399126     320.919159
    -935.000       0.035658      -0.033670       0.397908     314.089980
    -934.000       0.034522      -0.027969       0.396847     307.921351
    -933.000       0.033454      -0.020362       0.395975     302.896354
    -932.000       0.032334      -0.011544       0.395320     299.355056
    -931.000       0.031174      -0.002318       0.394903     297.461987
    -930.000       0.030028       0.006387       0.394746     297.246047
    -929.000       0.028835       0.013829       0.394861     298.603653
    -928.000       0.027680       0.019666       0.395247     301.291521
    -927.000       0.026411       0.023198       0.395907     304.964564
    -926.000       0.025202       0.024624       0.396825     309.234577
    -925.000       0.023983       0.023928       0.397983     313.696754
    -924.000       0.022691       0.021360       0.399362     317.902733
    -923.000       0.021426       0.017430       0.400930     321.587423
    -922.000       0.020228       0.012721       0.402654     324.470193
    -921.000       0.018908       0.007568       0.404505     326.400004
    -920.000       0.017701       0.002659       0.406436     327.418590
    -919.000       0.016481      -0.001673       0.408409     327.559743
    -918.000       0.015275      -0.005273       0.410382     326.995989
    -917.000       0.014121      -0.007833       0.412308     325.948960
    -916.000       0.013020      -0.009447       0.414138     324.629860
    -915.000       0.011980      -0.010257       0.415831     323.195457
    -914.000       0.011070      -0.010402       0.417339     321.876559
    -913.000       0.010186      -0.010037       0.418625     320.681416
    -912.000       0.009612      -0.009612       0.419658     319.717253
    -911.000       0.009090      -0.009010       0.420409     318.898011
    -910.000       0.008848      -0.008554       0.420861     318.225005
    -909.000       0.008896      -0.008225       0.421009     317.496872
    -908.000       0.009101      -0.007912       0.420846     316.750698
    -907.000       0.009564      -0.007527       0.420382     315.780974
    -906.000       0.010255      -0.006970       0.419631     314.623960
    -905.000       0.011032      -0.005901       0.418608     313.259332
    -904.000       0.011935      -0.004260       0.417340     311.774092
    -903.000       0.012992      -0.002001       0.415856     310.270731
    -902.000       0.014017       0.001071       0.414184     308.971863
    -901.000       0.015129       0.004706       0.412366     308.032983
    -900.000       0.016269       0.008673       0.410444     307.657842
    -899.000       0.017416       0.012768       0.408460     308.054921
    -898.000       0.018565       0.016433       0.406468     309.297283
    -897.000       0.019690       0.019237       0.404514     311.420428
    -896.000       0.020865       0.020823       0.402648     314.401861
    -895.000       0.021996       0.020717       0.400922     317.988590
    -894.000       0.023065       0.018668       0.399378     321.950316
    -893.000       0.024225       0.014787       0.398051     325.907249
    -892.000       0.025291       0.009018       0.396977     329.433368
    -891.000       0.026313       0.001908       0.396174     332.053188
    -890.000       0.027420      -0.006025       0.395652     333.506803
    -889.000       0.028360      -0.014038       0.395418     333.349542
    -888.000       0.029391      -0.021398       0.395466     331.630225
    -887.000       0.030287      -0.027165       0.395781     328.290619
    -886.000       0.031210      -0.030811       0.396348     323.653988
    -885.000       0.032079      -0.031762       0.397138     318.040821
    -884.000       0.032841      -0.029735       0.398124     312.085757
    -883.000       0.033643      -0.024875       0.399277     306.254721
    -882.000       0.034378      -0.017463       0.400561     301.185466
    -881.000       0.034980      -0.008080       0.401940     297.406742
    -880.000       0.035639       0.002363       0.403380     295.237566
    -879.000       0.036201       0.012932       0.404843     295.005414
    -878.000       0.036695       0.022662       0.406293     296.797406
    -877.000       0.037154       0.030530       0.407697     300.492336
    -876.000       0.037569       0.035799       0.409026     305.837312
    -875.000       0.037950       0.037949       0.410253     312.501813
    -874.000       0.038241       0.036643       0.411358     319.738660
    -873.000       0.038523       0.031998       0.412323     327.107789
    -872.000       0.038772       0.024427       0.413136     333.795314
    -871.000       0.038939       0.014548       0.413793     339.171656
    -870.000       0.039046       0.003253       0.414291     342.705670
    -869.000       0.039197      -0.008324       0.414630     344.087008
    -868.000       0.039173      -0.019288       0.414812     343.027586
    -867.000       0.039191      -0.028474       0.414841     339.788455
    -866.000       0.039136      -0.035080       0.414722     334.627932
    -865.000       0.039040      -0.038554       0.414466     328.002406
    -864.000       0.038879      -0.038494       0.414080     320.674961
    -863.000       0.038667      -0.034972       0.413577     313.268928
    -862.000       0.038466      -0.028342       0.412968     306.433077
    -861.000       0.038145      -0.019226       0.412269     300.862433
    -860.000       0.037803      -0.008450       0.411495     296.923706
    -859.000       0.037463       0.002853       0.410662     294.955857
    -858.000       0.037041       0.013740       0.409788     295.108332
    -857.000       0.036579       0.023130       0.408886     297.319296
    -856.000       0.036131       0.030158       0.407972     301.298755
    -855.000       0.035623       0.034275       0.407059     306.772692
    -854.000       0.035104       0.035089       0.406162     313.101861
    -853.000       0.034534       0.032602       0.405295     319.725646
    -852.000       0.033969       0.027177       0.404472     325.990980
    -851.000       0.033422       0.019381       0.403708     331.318584
    -850.000       0.032711       0.009994       0.403016     335.057332
    -849.000       0.032155       0.000065       0.402413     337.058568
    -848.000       0.031471      -0.009562       0.401911     337.000103
    -847.000       0.030760      -0.017840       0.401526     335.006979
    -846.000       0.030102      -0.024114       0.401267     331.409410
    -845.000       0.029371      -0.027781       0.401143     326.562535
    -844.000       0.028634      -0.028630       0.401160     321.016278
    -843.000       0.027896      -0.026706       0.401319     315.442830
    -842.000       0.027113      -0.022267       0.401619     310.277688
    -841.000       0.026386      -0.015966       0.402056     306.046759
    -840.000       0.025552      -0.008424       0.402622     303.142888
    -839.000       0.024774      -0.000511       0.403305     301.703017
    -838.000       0.024023       0.006993       0.404091     301.799321
    -837.000       0.023178       0.013332       0.404963     303.415149
    -836.000       0.022441       0.018015       0.405900     306.222134
    -835.000       0.021657       0.020542       0.406882     309.925833
    -834.000       0.020931       0.020931       0.407883     314.193531
    -833.000       0.020169       0.019139       0.408878     318.446165
    -832.000       0.019451       0.015574       0.409841     322.337884
    -831.000       0.018780       0.010631       0.410741     325.531608
    -830.000       0.018067       0.004974       0.411553     327.614420
    -829.000       0.017382      -0.000854       0.412251     328.522341
    -828.000       0.016799      -0.006185       0.412810     328.253845
    -827.000       0.016116      -0.010499       0.413211     326.779871
    -826.000       0.015552      -0.013439       0.413438     324.462843
    -825.000       0.014979      -0.014702       0.413477     321.541202
    -824.000       0.014441      -0.014281       0.413328     318.340557
    -823.000       0.013967      -0.012293       0.412989     315.237653
    -822.000       0.013450      -0.009002       0.412469     312.632300
    -821.000       0.013110      -0.004847       0.411779     310.620536
    -820.000       0.012714      -0.000291       0.410935     309.552979
    -819.000       0.012382       0.004070       0.409959     309.445327
    -818.000       0.012190       0.007836       0.408878     310.229837
    -817.000       0.011993       0.010477       0.407717     311.865859
    -816.000       0.011880       0.011769       0.406509     314.130122
    -815.000       0.011832       0.011531       0.405289     316.654955
    -814.000       0.011874       0.009831       0.404090     319.240014
    -813.000       0.011948       0.006797       0.402950     321.507949
    -812.000       0.012063       0.002926       0.401909     323.112290
    -811.000       0.012261      -0.001496       0.400996     323.935021
    -810.000       0.012502      -0.005776       0.400247     323.792304
    -809.000       0.012721      -0.009472       0.399689     322.645087
    -808.000       0.013024      -0.012112       0.399339     320.686884
    -807.000       0.013340      -0.013336       0.399214     318.102751
    -806.000       0.013653      -0.012930       0.399319     315.147320
    -805.000       0.014003      -0.010953       0.399650     312.247076
    -804.000       0.014323      -0.007566       0.400201     309.736835
    -803.000       0.014776      -0.003089       0.400955     307.807417
    -802.000       0.015078       0.001900       0.401888     306.908291
    -801.000       0.015486       0.006909       0.402977     307.002014
    -800.000       0.015927       0.011391       0.404191     308.175709
    -799.000       0.016289       0.014713       0.405493     310.387015
    -798.000       0.016699       0.016591       0.406853     313.403377
    -797.000       0.017116       0.016748       0.408234     316.889609
    -796.000       0.017491       0.015048       0.409597     320.635834
    -795.000       0.017874       0.011749       0.410910     324.110690
    -794.000       0.018208       0.007086       0.412139     327.005667
    -793.000       0.018575       0.001503       0.413253     329.052686
    -792.000       0.018878      -0.004371       0.414224     329.936159
    -791.000       0.019134      -0.009962       0.415027     329.572287
    -790.000       0.019442      -0.014747       0.415643     328.039404
    -789.000       0.019648      -0.018106       0.416062     325.414111
    -788.000       0.019846      -0.019776       0.416271     321.953948
    -787.000       0.020018      -0.019519       0.416270     318.125836
    -786.000       0.020188      -0.017345       0.416064     314.157643
    -785.000       0.020261      -0.013370       0.415658     310.544387
    -784.000       0.020366      -0.008155       0.415066     307.645290
    -783.000       0.020419      -0.001970       0.414306     305.682966
    -782.000       0.020483       0.004356       0.413395     304.885619
    -781.000       0.020448       0.010307       0.412355     305.364888
    -780.000       0.020444       0.015239       0.411208     306.996876
    -779.000       0.020436       0.018690       0.409976     309.643866
    -778.000       0.020288       0.020186       0.408684     313.096921
    -777.000       0.020210       0.019756       0.407356     316.883011
    -776.000       0.020041       0.017318       0.406017     320.683992
    -775.000       0.019848       0.013164       0.404696     324.090903
    -774.000       0.019608       0.007821       0.403418     326.662014
    -773.000       0.019309       0.001790       0.402209     328.164842
    -772.000       0.019049      -0.004309       0.401094     328.488965
    -771.000       0.018632      -0.009686       0.400095     327.482683
    -770.000       0.018243      -0.013928       0.399232     325.395363
    -769.000       0.017857      -0.016579       0.398519     322.473948
    -768.000       0.017332      -0.017306       0.397970     318.966347
    -767.000       0.016832      -0.016217       0.397589     315.401413
    -766.000       0.016342      -0.013517       0.397384     312.114510
    -765.000       0.015723      -0.009393       0.397357     309.427366
    -764.000       0.015183      -0.004651       0.397509     307.646421
    -763.000       0.014525       0.000351       0.397840     306.928934
    -762.000       0.013947       0.004921       0.398348     307.228285
    -761.000       0.013299       0.008585       0.399025     308.537416
    -760.000       0.012596       0.010887       0.399866     310.625727
    -759.000       0.012016       0.011822       0.400859     313.158204
    -758.000       0.011303       0.011136       0.401990     315.884913
    -757.000       0.010641       0.009176       0.403242     318.430587
    -756.000       0.009993       0.006287       0.404592     320.466312
    -755.000       0.009348       0.002802       0.406014     321.838688
    -754.000       0.008737      -0.000691       0.407485     322.375218
    -753.000       0.008125      -0.003687       0.408975     322.057321
    -752.000       0.007628      -0.005889       0.410454     321.051664
    -751.000       0.007234      -0.006985       0.411897     319.528334
    -750.000       0.006833      -0.006719       0.413272     317.711371
    -749.000       0.006731      -0.005439       0.414553     315.987989
    -748.000       0.006696      -0.003077       0.415715     314.561357
    -747.000       0.006878      -0.000129       0.416736     313.686238
    -746.000       0.007220       0.002981       0.417588     313.528311
    -745.000       0.007657       0.005776       0.418254     314.164056
    -744.000       0.008345       0.007962       0.418716     315.469654
    -743.000       0.008946       0.008907       0.418955     317.434858
    -742.000       0.009730       0.008663       0.418962     319.706696
    -741.000       0.010547       0.007053       0.418728     322.046249
    -740.000       0.011370       0.004101       0.418248     324.154926
    -739.000       0.012256       0.000261       0.417530     325.672827
    -738.000       0.013127      -0.004129       0.416580     326.342031
    -737.000       0.014079      -0.008648       0.415412     326.029354
    -736.000       0.014977      -0.012538       0.414053     324.621460
    -735.000       0.015893      -0.015408       0.412525     322.193267
    -734.000       0.016862      -0.016811       0.410860     318.986153
    -733.000       0.017779      -0.016359       0.409097     315.245772
    -732.000       0.018703      -0.013978       0.407270     311.366090
    -731.000       0.019648      -0.009882       0.405419     307.822465
    -730.000       0.020570      -0.004185       0.403589     304.926622
    -729.000       0.021498       0.002419       0.401820     303.095387
    -728.000       0.022396       0.009315       0.400154     302.575351
    -727.000       0.023291       0.015791       0.398635     303.489272
    -726.000       0.024221       0.021134       0.397301     305.820316
    -725.000       0.024985       0.024505       0.396188     309.474573
    -724.000       0.025892       0.025719       0.395330     314.038961
    -723.000       0.026679       0.024257       0.394748     319.212539
    -722.000       0.027409       0.020224       0.394460     324.374425
    -721.000       0.028195       0.013994       0.394477     329.047075
    -720.000       0.028890       0.006016       0.394790     332.652018
    -719.000       0.029574      -0.002994       0.395390     334.805934
    -718.000       0.030231      -0.011991       0.396262     335.196129
    -717.000       0.030848      -0.020239       0.397371     333.729454
    -716.000       0.031499      -0.026878       0.398689     330.552714
    -715.000       0.032039      -0.031089       0.400181     325.911150
    -714.000       0.032606      -0.032548       0.401804     320.299593
    -713.000       0.033204      -0.031053       0.403520     314.241882
    -712.000       0.033662      -0.026534       0.405288     308.337563
    -711.000       0.034215      -0.019542       0.407062     303.102248
    -710.000       0.034687      -0.010638       0.408805     299.100630
    -709.000       0.035163      -0.000453       0.410479     296.605034
    -708.000       0.035587       0.009880       0.412043     295.943881
    -707.000       0.036010       0.019564       0.413467     297.143964
    -706.000       0.036409       0.027816       0.414724     300.201876
    -705.000       0.036758       0.033697       0.415786     304.839147
    -704.000       0.037067       0.036805       0.416638     310.785084
    -703.000       0.037431       0.036883       0.417266     317.513347
    -702.000       0.037651       0.033714       0.417661     324.497013
    -701.000       0.037914       0.027697       0.417825     331.156736
    -700.000       0.038151       0.019305       0.417763     336.855067
    -699.000       0.038327       0.009135       0.417481     341.099903
    -698.000       0.038501      -0.001916       0.416995     343.484526
    -697.000       0.038615      -0.012781       0.416321     343.726257
    -696.000       0.038775      -0.022809       0.415477     341.848617
    -695.000       0.038831      -0.030864       0.414486     337.925552
    -694.000       0.038883      -0.036356       0.413371     332.378124
    -693.000       0.038963      -0.038866       0.412154     325.640285
    -692.000       0.038974      -0.038036       0.410863     318.352168
    -691.000       0.038942      -0.033945       0.409523     311.090381
    -690.000       0.038960      -0.027059       0.408160     304.517690
    -689.000       0.038914      -0.017787       0.406802     299.103598
    -688.000       0.038799      -0.007025       0.405479     295.344731
    -687.000       0.038759       0.004243       0.404215     293.438821
    -686.000       0.038583       0.015149       0.403038     293.617068
    -685.000       0.038456       0.024681       0.401971     295.756736
    -684.000       0.038241       0.031972       0.401033     299.733839
    -683.000       0.038021       0.036462       0.400242     305.167588
    -682.000       0.037805       0.037804       0.399611     311.625552
    -681.000       0.037466       0.035788       0.399149     318.503557
    -680.000       0.037170       0.030795       0.398860     325.226422
    -679.000       0.036866       0.023284       0.398748     331.167917
    -678.000       0.036420       0.013808       0.398813     335.780903
    -677.000       0.036045       0.003495       0.399053     338.692864
    -676.000       0.035614      -0.006927       0.399463     339.657753
    -675.000       0.035111      -0.016495       0.400034     338.599686
    -674.000       0.034632      -0.024351       0.400757     335.763956
    -673.000       0.034069      -0.029893       0.401617     331.406267
    -672.000       0.033565      -0.032840       0.402593     326.013370
    -671.000       0.032925      -0.032821       0.403668     320.150945
    -670.000       0.032327      -0.030158       0.404814     314.296079
    -669.000       0.031723      -0.025153       0.406004     308.987934
    -668.000       0.031014      -0.018270       0.407212     304.643194
    -667.000       0.030309      -0.010250       0.408411     301.537044
    -666.000       0.029623      -0.001898       0.409570     299.851369
    -665.000       0.028815       0.006256       0.410667     299.672363
    -664.000       0.028051       0.013395       0.411676     300.858998
    -663.000       0.027204       0.019009       0.412575     303.276840
    -662.000       0.026398       0.022917       0.413344     306.645711
    -661.000       0.025489       0.024719       0.413962     310.631961
    -660.000       0.024592       0.024585       0.414414     314.844676
    -659.000       0.023720       0.022697       0.414687     319.030522
    -658.000       0.022759       0.019306       0.414769     322.713635
    -657.000       0.021825       0.014839       0.414654     325.789683
    -656.000       0.020917       0.009828       0.414340     328.000292
    -655.000       0.019985       0.004607       0.413827     329.292144
    -654.000       0.019046      -0.000392       0.413126     329.657914
    -653.000       0.018206      -0.004761       0.412252     329.242681
    -652.000       0.017331      -0.008441       0.411224     328.102076
    -651.000       0.016545      -0.011210       0.410068     326.485941
    -650.000       0.015796      -0.013038       0.408816     324.551460
    -649.000       0.015138      -0.014077       0.407503     322.444022
    -648.000       0.014590      -0.014403       0.406166     320.309396
    -647.000       0.014073      -0.014060       0.404842     318.274030
    -646.000       0.013787      -0.013363       0.403570     316.307263
    -645.000       0.013577      -0.012248       0.402388     314.492758
    -644.000       0.013490      -0.010818       0.401328     312.817048
    -643.000       0.013640      -0.009139       0.400421     311.214679
    -642.000       0.013900      -0.007092       0.399696     309.732331
    -641.000       0.014251      -0.004658       0.399176     308.415998
    -640.000       0.014870      -0.001830       0.398878     307.213564
    -639.000       0.015478       0.001432       0.398819     306.364165
    -638.000       0.016264       0.005100       0.399004     305.867084
    -637.000       0.017112       0.008929       0.399430     305.909388
    -636.000       0.018051       0.012790       0.400094     306.590870
    -635.000       0.019014       0.016360       0.400975     308.063007
    -634.000       0.020044       0.019221       0.402050     310.247815
    -633.000       0.021105       0.021097       0.403290     313.252601
    -632.000       0.022210       0.021615       0.404652     316.886830
    -631.000       0.023278       0.020481       0.406099     320.936475
    -630.000       0.024426       0.017647       0.407588     325.187488
    -629.000       0.025576       0.013084       0.409074     329.256752
    -628.000       0.026671       0.006984       0.410515     332.734648
    -627.000       0.027824      -0.000270       0.411876     335.325610
    -626.000       0.028987      -0.008129       0.413116     336.676415
    -625.000       0.030048      -0.016045       0.414209     336.474265
    -624.000       0.031190      -0.023216       0.415126     334.771858
    -623.000       0.032267      -0.029035       0.415842     331.469913
    -622.000       0.033324      -0.032840       0.416341     326.816515
    -621.000       0.034378      -0.034169       0.416609     321.178774
    -620.000       0.035336      -0.032664       0.416634     314.990411
    -619.000       0.036408      -0.028412       0.416418     308.706291
    -618.000       0.037263      -0.021416       0.415961     303.010612
    -617.000       0.038186      -0.012292       0.415273     298.293478
    -616.000       0.039100      -0.001644       0.414371     295.022009
    -615.000       0.039848       0.009651       0.413279     293.626028
    -614.000       0.040652       0.020639       0.412021     294.187767
    -613.000       0.041396       0.030270       0.410632     296.803075
    -612.000       0.042048       0.037689       0.409146     301.413586
    -611.000       0.042713       0.042103       0.407600     307.606077
    -610.000       0.043282       0.042959       0.406032     314.985517
    -609.000       0.043867       0.040118       0.404480     322.976841
    -608.000       0.044374       0.033664       0.402978     330.774689
    -607.000       0.044800       0.024039       0.401564     337.685316
    -606.000       0.045305       0.012126       0.400269     343.063581
    -605.000       0.045640      -0.001148       0.399118     346.185893
    -604.000       0.045991      -0.014542       0.398141     346.794730
    -603.000       0.046320      -0.026850       0.397356     344.751527
    -602.000       0.046570      -0.036924       0.396783     340.177368
    -601.000       0.046809      -0.043857       0.396438     333.515658
    -600.000       0.046970      -0.046880       0.396325     325.473082
    -599.000       0.047166      -0.045851       0.396450     316.676013
    -598.000       0.047231      -0.040675       0.396812     308.048957
    -597.000       0.047305      -0.031976       0.397401     300.334085
    -596.000       0.047328      -0.020401       0.398203     294.130819
    -595.000       0.047327      -0.007118       0.399201     289.994963
    -594.000       0.047222       0.006767       0.400371     288.251790
    -593.000       0.047161       0.019970       0.401687     288.954060
    -592.000       0.047032       0.031372       0.403124     292.089447
    -591.000       0.046831       0.039982       0.404651     297.410582
    -590.000       0.046643       0.045110       0.406242     304.410965
    -589.000       0.046422       0.046396       0.407868     312.585665
    -588.000       0.046134       0.043729       0.409499     321.274407
    -587.000       0.045851       0.037537       0.411109     329.640522
    -586.000       0.045502       0.028268       0.412667     337.088195
    -585.000       0.045208       0.016896       0.414143     342.961268
    -584.000       0.044779       0.004328       0.415510     346.684266
    -583.000       0.044397      -0.008308       0.416739     348.086181
    -582.000       0.044037      -0.020083       0.417803     347.090681
    -581.000       0.043513      -0.029888       0.418677     343.735788
    -580.000       0.043117      -0.037200       0.419343     338.560299
    -579.000       0.042608      -0.041301       0.419778     331.964906
    -578.000       0.042101      -0.042075       0.419974     324.534227
    -577.000       0.041584      -0.039525       0.419920     316.989932
    -576.000       0.041003      -0.033913       0.419609     309.886307
    -575.000       0.040462      -0.025801       0.419042     303.701105
    -574.000       0.039850      -0.015922       0.418224     298.964960
    -573.000       0.039195      -0.005064       0.417159     295.913299
    -572.000       0.038648       0.005845       0.415862     294.641390
    -571.000       0.037929       0.015950       0.414353     295.320395
    -570.000       0.037268       0.024459       0.412650     297.701023
    -569.000       0.036646       0.030790       0.410786     301.555002
    -568.000       0.035899       0.034409       0.408794     306.636076
    -567.000       0.035230       0.035229       0.406711     312.388102
    -566.000       0.034492       0.033180       0.404583     318.340118
    -565.000       0.033786       0.028576       0.402462     324.072133
    -564.000       0.033026       0.021853       0.400392     328.988730
    -563.000       0.032256       0.013714       0.398430     332.700351
    -562.000       0.031524       0.004747       0.396627     335.007782
    -561.000       0.030718      -0.004083       0.395029     335.616188
    -560.000       0.029917      -0.012221       0.393685     334.620495
    -559.000       0.029129      -0.018895       0.392637     332.188053
    -558.000       0.028318      -0.023707       0.391912     328.564889
    -557.000       0.027446      -0.026280       0.391541     324.124354
    -556.000       0.026649      -0.026648       0.391540     319.400812
    -555.000       0.025771      -0.024808       0.391909     314.687616
    -554.000       0.024918      -0.021151       0.392652     310.437067
    -553.000       0.024030      -0.016136       0.393753     307.012020
    -552.000       0.023178      -0.010232       0.395184     304.511754
    -551.000       0.022291      -0.004026       0.396918     303.133982
    -550.000       0.021392       0.001889       0.398910     302.877554
    -549.000       0.020519       0.007192       0.401106     303.620609
    -548.000       0.019676       0.011462       0.403456     305.213917
    -547.000       0.018740       0.014475       0.405896     307.523624
    -546.000       0.017947       0.016286       0.408358     310.185740
    -545.000       0.017110       0.016822       0.410785     313.069194
    -544.000       0.016292       0.016261       0.413113     315.937704
    -543.000       0.015555       0.014866       0.415283     318.582641
    -542.000       0.014847       0.012833       0.417248     320.880557
    -541.000       0.014194       0.010329       0.418965     322.841851
    -540.000       0.013606       0.007730       0.420394     324.285851
    -539.000       0.013098       0.005032       0.421511     325.359848
    -538.000       0.012715       0.002402       0.422294     326.072267
    -537.000       0.012365      -0.000039       0.422726     326.395057
    -536.000       0.012181      -0.002360       0.422809     326.477577
    -535.000       0.012144      -0.004603       0.422536     326.322888
    -534.000       0.012126      -0.006583       0.421918     325.875227
    -533.000       0.012337      -0.008589       0.420973     325.226642
    -532.000       0.012629      -0.010384       0.419720     324.299738
    -531.000       0.013001      -0.011968       0.418193     323.038605
    -530.000       0.013491      -0.013248       0.416433     321.449213
    -529.000       0.014100      -0.014095       0.414480     319.553006
    -528.000       0.014703      -0.014226       0.412388     317.257421
    -527.000       0.015427      -0.013635       0.410211     314.777931
    -526.000       0.016170      -0.012074       0.408003     312.147057
    -525.000       0.016948      -0.009454       0.405820     309.522947
    -524.000       0.017773      -0.005894       0.403718     307.160592
    -523.000       0.018570      -0.001451       0.401741     305.277451
    -522.000       0.019485       0.003694       0.399940     304.006605
    -521.000       0.020282       0.009011       0.398352     303.689466
    -520.000       0.021153       0.014190       0.397006     304.340282
    -519.000       0.022067       0.018739       0.395931     306.049857
    -518.000       0.022876       0.022018       0.395145     308.830792
    -517.000       0.023719       0.023718       0.394657     312.492814
    -516.000       0.024603       0.023545       0.394471     316.762096
    -515.000       0.025355       0.021143       0.394585     321.384154
    -514.000       0.026188       0.016816       0.394985     325.868762
    -513.000       0.026921       0.010657       0.395657     329.780629
    -512.000       0.027682       0.003154       0.396574     332.763534
    -511.000       0.028396      -0.005058       0.397706     334.406323
    -510.000       0.029028      -0.013166       0.399019     334.464144
    -509.000       0.029747      -0.020619       0.400475     332.953325
    -508.000       0.030315      -0.026432       0.402033     329.846763
    -507.000       0.030878      -0.030152       0.403653     325.458738
    -506.000       0.031454      -0.031363       0.405296     320.208924
    -505.000       0.031926      -0.029755       0.406922     314.507847
    -504.000       0.032366      -0.025460       0.408501     308.936366
    -503.000       0.032812      -0.018852       0.410003     304.014767
    -502.000       0.033170      -0.010352       0.411399     300.183543
    -501.000       0.033525      -0.000747       0.412672     297.797920
    -500.000       0.033783       0.009023       0.413798     297.152864
    -499.000       0.034077       0.018262       0.414763     298.259507
    -498.000       0.034277       0.025972       0.415552     301.134532
    -497.000       0.034435       0.031479       0.416152     305.532086
    -496.000       0.034556       0.034298       0.416554     311.135686
    -495.000       0.034685       0.034179       0.416752     317.418928
    -494.000       0.034669       0.030944       0.416742     323.942694
    -493.000       0.034694       0.025125       0.416526     329.979663
    -492.000       0.034679       0.017060       0.416108     335.085563
    -491.000       0.034554       0.007447       0.415496     338.688437
    -490.000       0.034463      -0.002659       0.414704     340.479025
    -489.000       0.034273      -0.012527       0.413747     340.236748
    -488.000       0.034108      -0.021243       0.412643     338.042715
    -487.000       0.033827      -0.027889       0.411410     334.053533
    -486.000       0.033548      -0.032025       0.410075     328.698607
    -485.000       0.033286      -0.033286       0.408661     322.505274
    -484.000       0.032866      -0.031425       0.407198     316.014140
    -483.000       0.032522      -0.026861       0.405714     309.836271
    -482.000       0.032126      -0.019985       0.404243     304.543322
    -481.000       0.031672      -0.011353       0.402815     300.502678
    -480.000       0.031215      -0.001993       0.401472     298.092279
    -479.000       0.030718       0.007289       0.400244     297.442948
    -478.000       0.030216       0.015696       0.399170     298.553264
    -477.000       0.029680       0.022311       0.398281     301.269647
    -476.000       0.029054       0.026609       0.397609     305.346212
    -475.000       0.028550       0.028387       0.397176     310.269808
    -474.000       0.027877       0.027313       0.397004     315.667197
    -473.000       0.027246       0.023801       0.397103     320.906069
    -472.000       0.026655       0.018255       0.397481     325.566016
    -471.000       0.025949       0.011197       0.398132     329.139779
    -470.000       0.025313       0.003470       0.399046     331.399752
    -469.000       0.024606      -0.004116       0.400202     332.106974
    -468.000       0.023938      -0.010988       0.401576     331.363677
    -467.000       0.023235      -0.016408       0.403132     329.281939
    -466.000       0.022478      -0.019926       0.404833     326.173662
    -465.000       0.021796      -0.021465       0.406637     322.454782
    -464.000       0.021075      -0.020891       0.408494     318.491246
    -463.000       0.020275      -0.018365       0.410358     314.730380
    -462.000       0.019610      -0.014441       0.412175     311.488731
    -461.000       0.018842      -0.009398       0.413895     309.076189
    -460.000       0.018110      -0.003850       0.415471     307.619520
    -459.000       0.017375       0.001560       0.416854     307.233865
    -458.000       0.016674       0.006446       0.417999     307.832378
    -457.000       0.015947       0.010377       0.418873     309.356845
    -456.000       0.015229       0.012914       0.419444     311.520350
    -455.000       0.014539       0.014109       0.419687     314.170773
    -454.000       0.013872       0.013842       0.419594     316.924467
    -453.000       0.013161       0.012212       0.419156     319.567007
    -452.000       0.012507       0.009559       0.418377     321.814137
    -451.000       0.011891       0.006227       0.417276     323.445561
    -450.000       0.011225       0.002462       0.415869     324.329438
    -449.000       0.010646      -0.001146       0.414189     324.416263
    -448.000       0.010049      -0.004293       0.412276     323.702766
    -447.000       0.009539      -0.006776       0.410171     322.329297
    -446.000       0.009001      -0.008165       0.407926     320.440837
    -445.000       0.008512      -0.008486       0.405606     318.280782
    -444.000       0.008155      -0.007815       0.403265     316.060980
    -443.000       0.007711      -0.006086       0.400974     314.069086
    -442.000       0.007413      -0.003722       0.398805     312.457124
    -441.000       0.007170      -0.001016       0.396817     311.426839
    -440.000       0.006968       0.001772       0.395078     311.053838
    -439.000       0.006849       0.004197       0.393648     311.358334
    -438.000       0.006780       0.005886       0.392568     312.248313
    -437.000       0.006846       0.006807       0.391880     313.652276
    -436.000       0.006910       0.006628       0.391608     315.292773
    -435.000       0.007052       0.005461       0.391760     317.020006
    -434.000       0.007277       0.003479       0.392336     318.560782
    -433.000       0.007545       0.000883       0.393320     319.729496
    -432.000       0.007805      -0.002057       0.394679     320.333224
    -431.000       0.008154      -0.004776       0.396377     320.353858
    -430.000       0.008511      -0.007123       0.398367     319.716794
    -429.000       0.008910      -0.008693       0.400584     318.531620
    -428.000       0.009267      -0.009197       0.402976     316.971601
    -427.000       0.009707      -0.008670       0.405475     315.197976
    -426.000       0.010139      -0.007032       0.408012     313.452973
    -425.000       0.010514      -0.004438       0.410527     312.006965
    -424.000       0.010964      -0.001167       0.412956     310.983406
    -423.000       0.011374       0.002401       0.415234     310.607145
    -422.000       0.011771       0.006044       0.417316     310.952818
    -421.000       0.012165       0.009153       0.419147     312.003795
    -420.000       0.012557       0.011543       0.420688     313.732139
    -419.000       0.012937       0.012886       0.421912     316.023404
    -418.000       0.013295       0.012976       0.422792     318.622382
    -417.000       0.013590       0.011730       0.423312     321.336899
    -416.000       0.014000       0.009383       0.423473     323.906385
    -415.000       0.014242       0.005879       0.423273     326.014546
    -414.000       0.014537       0.001725       0.422726     327.478172
    -413.000       0.014836      -0.002725       0.421848     328.122495
    -412.000       0.015056      -0.007143       0.420661     327.792366
    -411.000       0.015279      -0.010964       0.419194     326.536663
    -410.000       0.015480      -0.013816       0.417481     324.458563
    -409.000       0.015664      -0.015474       0.415557     321.636006
    -408.000       0.015795      -0.015622       0.413464     318.457572
    -407.000       0.015899      -0.014268       0.411247     315.119020
    -406.000       0.016007      -0.011532       0.408948     311.962480
    -405.000       0.016059      -0.007645       0.406622     309.305156
    -404.000       0.016040      -0.002909       0.404319     307.376378
    -403.000       0.016067       0.002017       0.402084     306.336527
    -402.000       0.016003       0.006840       0.399970     306.318284
    -401.000       0.015906       0.010923       0.398021     307.289463
    -400.000       0.015810       0.013871       0.396273     309.094703
    -399.000       0.015633       0.015375       0.394763     311.609261
    -398.000       0.015498       0.015353       0.393519     314.498020
    -397.000       0.015211       0.013662       0.392558     317.431913
    -396.000       0.015013       0.010722       0.391897     320.131422
    -395.000       0.014746       0.006713       0.391550     322.284064
    -394.000       0.014383       0.002171       0.391513     323.601786
    -393.000       0.014090      -0.002407       0.391791     324.078649
    -392.000       0.013717      -0.006493       0.392377     323.607915
    -391.000       0.013299      -0.009737       0.393259     322.289787
    -390.000       0.012893      -0.011723       0.394422     320.412913
    -389.000       0.012414      -0.012348       0.395845     318.134729
    -388.000       0.011948      -0.011649       0.397496     315.791514
    -387.000       0.011403      -0.009725       0.399346     313.695185
    -386.000       0.010825      -0.006924       0.401359     312.069219
    -385.000       0.010319      -0.003653       0.403491     311.027788
    -384.000       0.009630      -0.000268       0.405703     310.805640
    -383.000       0.009049       0.002761       0.407953     311.241556
    -382.000       0.008425       0.005095       0.410193     312.325632
    -381.000       0.007766       0.006557       0.412385     313.924743
    -380.000       0.007124       0.006972       0.414488     315.759487
    -379.000       0.006494       0.006413       0.416461     317.593621
    -378.000       0.005904       0.005014       0.418268     319.296446
    -377.000       0.005334       0.003065       0.419879     320.533549
    -376.000       0.004816       0.000821       0.421255     321.247406
    -375.000       0.004480      -0.001273       0.422368     321.394062
    -374.000       0.004219      -0.002989       0.423195     320.913644
    -373.000       0.004155      -0.004002       0.423706     319.958257
    -372.000       0.004298      -0.004188       0.423886     318.711276
    -371.000       0.004592      -0.003445       0.423720     317.304069
    -370.000       0.005100      -0.001949       0.423199     315.995573
    -369.000       0.005604       0.000255       0.422324     315.039062
    -368.000       0.006290       0.002703       0.421106     314.508426
    -367.000       0.007047       0.005202       0.419558     314.555173
    -366.000       0.007766       0.007259       0.417712     315.289214
    -365.000       0.008607       0.008606       0.415601     316.498781
    -364.000       0.009421       0.008895       0.413264     318.195117
    -363.000       0.010315       0.008029       0.410755     320.132278
    -362.000       0.011160       0.005925       0.408130     321.995790
    -361.000       0.012031       0.002727       0.405442     323.564026
    -360.000       0.012987      -0.001271       0.402762     324.593838
    -359.000       0.013802      -0.005666       0.400152     324.722162
    -358.000       0.014723      -0.009995       0.397681     323.963873
    -357.000       0.015601      -0.013645       0.395418     322.218257
    -356.000       0.016469      -0.016195       0.393427     319.535339
    -355.000       0.017327      -0.017168       0.391768     316.205612
    -354.000       0.018161      -0.016341       0.390499     312.537534
    -353.000       0.019023      -0.013620       0.389660     308.814037
    -352.000       0.019834      -0.009231       0.389280     305.585927
    -351.000       0.020598      -0.003428       0.389384     303.145173
    -350.000       0.021445       0.003116       0.389964     301.776309
    -349.000       0.022182       0.009848       0.391006     301.783190
    -348.000       0.022906       0.015961       0.392485     303.191591
    -347.000       0.023692       0.020893       0.394350     305.909321
    -346.000       0.024359       0.023955       0.396545     309.848487
    -345.000       0.025086       0.024895       0.399011     314.617422
    -344.000       0.025727       0.023431       0.401667     319.803638
    -343.000       0.026397       0.019702       0.404441     325.010603
    -342.000       0.027039       0.013974       0.407257     329.700424
    -341.000       0.027606       0.006731       0.410034     333.401916
    -340.000       0.028215      -0.001378       0.412699     335.830861
    -339.000       0.028811      -0.009682       0.415185     336.710121
    -338.000       0.029270      -0.017354       0.417422     335.854067
    -337.000       0.029858      -0.023827       0.419359     333.512210
    -336.000       0.030333      -0.028416       0.420948     329.714716
    -335.000       0.030795      -0.030721       0.422149     324.864990
    -334.000       0.031251      -0.030518       0.422937     319.411623
    -333.000       0.031691      -0.027775       0.423298     313.791451
    -332.000       0.032109      -0.022587       0.423221     308.419738
    -331.000       0.032477      -0.015497       0.422720     303.898116
    -330.000       0.032868      -0.006873       0.421811     300.431272
    -329.000       0.033241       0.002487       0.420520     298.399808
    -328.000       0.033554       0.011823       0.418892     297.992163
    -327.000       0.033867       0.020423       0.416972     299.242017
    -326.000       0.034212       0.027487       0.414812     302.047854
    -325.000       0.034447       0.032374       0.412482     306.332316
    -324.000       0.034733       0.034669       0.410043     311.655435
    -323.000       0.034979       0.034076       0.407561     317.631199
    -322.000       0.035202       0.030546       0.405111     323.832884
    -321.000       0.035415       0.024407       0.402756     329.574903
    -320.000       0.035579       0.016074       0.400562     334.376624
    -319.000       0.035806       0.006196       0.398592     337.837973
    -318.000       0.035905      -0.004246       0.396899     339.419561
    -317.000       0.036043      -0.014479       0.395526     339.075183
    -316.000       0.036191      -0.023535       0.394512     336.777421
    -315.000       0.036257      -0.030563       0.393874     332.668080
    -314.000       0.036318      -0.034981       0.393627     327.150384
    -313.000       0.036409      -0.036401       0.393767     320.824142
    -312.000       0.036410      -0.034596       0.394276     314.079991
    -311.000       0.036439      -0.029875       0.395128     307.698936
    -310.000       0.036418      -0.022573       0.396289     302.136933
    -309.000       0.036400      -0.013364       0.397712     297.845305
    -308.000       0.036378      -0.003078       0.399351     295.176164
    -307.000       0.036241       0.007359       0.401152     294.382193
    -306.000       0.036233       0.017162       0.403062     295.367610
    -305.000       0.036089       0.025411       0.405029     298.191907
    -304.000       0.035931       0.031473       0.407003     302.546926
    -303.000       0.035828       0.034969       0.408931     308.054094
    -302.000       0.035620       0.035544       0.410772     314.369922
    -301.000       0.035395       0.033279       0.412481     320.911687
    -300.000       0.035193       0.028473       0.414024     327.177811
    -299.000       0.034891       0.021442       0.415372     332.668846
    -298.000       0.034645       0.012902       0.416498     336.992921
    -297.000       0.034269       0.003550       0.417386     339.701129
    -296.000       0.033957      -0.005889       0.418025     340.750713
    -295.000       0.033583      -0.014685       0.418409     340.003886
    -294.000       0.033150      -0.022065       0.418537     337.593646
    -293.000       0.032731      -0.027640       0.418416     333.785103
    -292.000       0.032300      -0.030944       0.418053     328.970148
    -291.000       0.031775      -0.031772       0.417459     323.452565
    -290.000       0.031280      -0.030232       0.416650     317.845401
    -289.000       0.030771      -0.026492       0.415641     312.472331
    -288.000       0.030191      -0.020826       0.414449     307.718390
    -287.000       0.029637      -0.013944       0.413099     303.973159
    -286.000       0.029043      -0.006265       0.411607     301.383429
    -285.000       0.028476       0.001607       0.410002     300.051798
    -284.000       0.027834       0.008900       0.408307     300.071882
    -283.000       0.027233       0.015294       0.406555     301.283700
    -282.000       0.026658       0.020296       0.404775     303.541103
    -281.000       0.026003       0.023540       0.403006     306.648940
    -280.000       0.025407       0.025034       0.401281     310.312891
    -279.000       0.024845       0.024745       0.399639     314.171855
    -278.000       0.024234       0.022731       0.398119     318.069030
    -277.000       0.023666       0.019362       0.396758     321.600657
    -276.000       0.023163       0.014976       0.395589     324.607139
    -275.000       0.022617       0.009754       0.394645     326.941569
    -274.000       0.022184       0.004324       0.393951     328.479360
    -273.000       0.021712      -0.001134       0.393530     329.158216
    -272.000       0.021398      -0.006316       0.393401     329.107958
    -271.000       0.021050      -0.010874       0.393577     328.260543
    -270.000       0.020798      -0.014666       0.394064     326.807010
    -269.000       0.020689      -0.017671       0.394869     324.841542
    -268.000       0.020562      -0.019574       0.395987     322.463824
    -267.000       0.020563      -0.020508       0.397404     319.787228
    -266.000       0.020703      -0.020436       0.399106     317.000617
    -265.000       0.020851      -0.019225       0.401061     314.128629
    -264.000       0.021132      -0.017023       0.403233     311.343100
    -263.000       0.021501      -0.013882       0.405578     308.792593
    -262.000       0.021946      -0.009796       0.408041     306.545060
    -261.000       0.022467      -0.004947       0.410560     304.775629
    -260.000       0.023044       0.000358       0.413081     303.644332
    -259.000       0.023734       0.006147       0.415531     303.192945
    -258.000       0.024437       0.011834       0.417848     303.605767
    -257.000       0.025186       0.017207       0.419976     304.921299
    -256.000       0.026038       0.021934       0.421854     307.143294
    -255.000       0.026895       0.025546       0.423428     310.273857
    -254.000       0.027735       0.027675       0.424662     314.195817
    -253.000       0.028717       0.028203       0.425509     318.723432
    -252.000       0.029607       0.026708       0.425945     323.622481
    -251.000       0.030559       0.023259       0.425948     328.592125
    -250.000       0.031516       0.017939       0.425501     333.216954
    -249.000       0.032474       0.010897       0.424606     337.170939
    -248.000       0.033412       0.002545       0.423273     340.032843
    -247.000       0.034358      -0.006470       0.421512     341.475100
    -246.000       0.035277      -0.015656       0.419359     341.249271
    -245.000       0.036230      -0.024208       0.416855     339.267971
    -244.000       0.037085      -0.031326       0.414046     335.480668
    -243.000       0.037982      -0.036412       0.411000     330.169162
    -242.000       0.038894      -0.038892       0.407791     323.620692
    -241.000       0.039654      -0.038187       0.404493     316.325143
    -240.000       0.040534      -0.034419       0.401200     308.880898
    -239.000       0.041314      -0.027488       0.398002     301.875258
    -238.000       0.042049      -0.017867       0.394987     295.922365
    -237.000       0.042808      -0.006334       0.392253     291.547146
    -236.000       0.043484       0.006200       0.389880     289.205448
    -235.000       0.044183       0.018773       0.387940     289.118232
    -234.000       0.044790       0.029958       0.386505     291.426220
    -233.000       0.045385       0.038888       0.385617     296.011278
    -232.000       0.045996       0.044625       0.385302     302.556733
    -231.000       0.046481       0.046419       0.385583     310.575486
    -230.000       0.046954       0.044133       0.386442     319.402540
    -229.000       0.047476       0.037976       0.387854     328.255042
    -228.000       0.047795       0.028210       0.389779     336.307118
    -227.000       0.048213       0.015970       0.392148     342.846473
    -226.000       0.048525       0.002231       0.394887     347.176934
    -225.000       0.048819      -0.011904       0.397918     348.963441
    -224.000       0.049067      -0.025026       0.401142     348.020902
    -223.000       0.049275      -0.036102       0.404469     344.501620
    -222.000       0.049488      -0.044317       0.407813     338.750992
    -221.000       0.049622      -0.048837       0.411078     331.392853
    -220.000       0.049721      -0.049445       0.414186     323.026280
    -219.000       0.049864      -0.046193       0.417071     314.477208
    -218.000       0.049889      -0.039220       0.419659     306.379053
    -217.000       0.049920      -0.029232       0.421904     299.381972
    -216.000       0.049952      -0.017067       0.423762     294.001945
    -215.000       0.049927      -0.003570       0.425197     290.590309
    -214.000       0.049888       0.010164       0.426189     289.376099
    -213.000       0.049808       0.022963       0.426730     290.430076
    -212.000       0.049754       0.034120       0.426813     293.661823
    -211.000       0.049617       0.042547       0.426453     298.864635
    -210.000       0.049475       0.047741       0.425668     305.652522
    -209.000       0.049333       0.049331       0.424482     313.562132
    -208.000       0.049181       0.047183       0.422937     322.000428
    -207.000       0.048920       0.041382       0.421074     330.300036
    -206.000       0.048776       0.032589       0.418940     337.825531
    -205.000       0.048528       0.021254       0.416595     343.922597
    -204.000       0.048262       0.008388       0.414094     348.044027
    -203.000       0.048042      -0.005026       0.411493     349.878754
    -202.000       0.047750      -0.017931       0.408860     349.173624
    -201.000       0.047493      -0.029393       0.406252     346.038893
    -200.000       0.047170      -0.038336       0.403725     340.709025
    -199.000       0.046877      -0.044210       0.401336     333.674809
    -198.000       0.046592      -0.046524       0.399136     325.496757
    -197.000       0.046214      -0.045004       0.397163     316.922470
    -196.000       0.045893      -0.039944       0.395460     308.575154
    -195.000       0.045586      -0.031768       0.394053     301.146297
    -194.000       0.045159      -0.021055       0.392963     295.179176
    -193.000       0.044820      -0.008903       0.392205     291.054989
    -192.000       0.044446       0.003778       0.391784     289.051534
    -191.000       0.044007       0.015948       0.391696     289.290628
    -190.000       0.043632       0.026580       0.391935     291.635506
    -189.000       0.043148       0.034801       0.392484     295.943981
    -188.000       0.042759       0.040202       0.393322     301.825118
    -187.000       0.042244       0.042152       0.394425     308.780526
    -186.000       0.041765       0.040795       0.395764     316.293865
    -185.000       0.041316       0.036310       0.397307     323.771051
    -184.000       0.040779       0.029083       0.399021     330.559066
    -183.000       0.040246       0.019796       0.400871     336.202617
    -182.000       0.039795       0.009381       0.402821     340.271156
    -181.000       0.039217      -0.001567       0.404836     342.439053
    -180.000       0.038702      -0.011978       0.406877     342.677102
    -179.000       0.038174      -0.021144       0.408908     341.036117
    -178.000       0.037635      -0.028546       0.410892     337.699357
    -177.000       0.037079      -0.033549       0.412792     333.074752
    -176.000       0.036526      -0.035988       0.414569     327.583814
    -175.000       0.035987      -0.035816       0.416191     321.613090
    -174.000       0.035432      -0.033139       0.417621     315.755590
    -173.000       0.034841      -0.028214       0.418830     310.299879
    -172.000       0.034329      -0.021642       0.419794     305.667390
    -171.000       0.033761      -0.013777       0.420490     302.085385
    -170.000       0.033174      -0.005321       0.420898     299.765991
    -169.000       0.032685       0.003143       0.421012     298.709156
    -168.000       0.032105       0.011102       0.420822     299.010336
    -167.000       0.031603       0.018081       0.420325     300.500726
    -166.000       0.031076       0.023578       0.419526     303.058908
    -165.000       0.030607       0.027481       0.418434     306.484297
    -164.000       0.030136       0.029517       0.417061     310.547350
    -163.000       0.029677       0.029646       0.415433     314.901252
    -162.000       0.029296       0.028010       0.413573     319.383640
    -161.000       0.028934       0.024708       0.411517     323.638575
    -160.000       0.028570       0.019977       0.409309     327.413362
    -159.000       0.028326       0.014181       0.406997     330.551655
    -158.000       0.028109       0.007615       0.404636     332.821945
    -157.000       0.027889       0.000653       0.402290     334.070344
    -156.000       0.027830      -0.006277       0.400023     334.319873
    -155.000       0.027761      -0.012798       0.397901     333.443625
    -154.000       0.027779      -0.018607       0.395997     331.528553
    -153.000       0.027847      -0.023237       0.394366     328.683994
    -152.000       0.028004      -0.026504       0.393073     325.062011
    -151.000       0.028196      -0.028129       0.392163     320.779070
    -150.000       0.028439      -0.027948       0.391670     316.252526
    -149.000       0.028757      -0.025927       0.391619     311.569286
    -148.000       0.029143      -0.022140       0.392020     307.131763
    -147.000       0.029516      -0.016697       0.392859     303.219441
    -146.000       0.029974      -0.009953       0.394122     300.072813
    -145.000       0.030524      -0.002279       0.395771     297.914329
    -144.000       0.030976       0.005839       0.397756     297.036919
    -143.000       0.031582       0.013872       0.400026     297.420670
    -142.000       0.032159       0.021179       0.402514     299.200800
    -141.000       0.032735       0.027299       0.405144     302.351782
    -140.000       0.033369       0.031682       0.407850     306.660225
    -139.000       0.033971       0.033923       0.410549     311.964949
    -138.000       0.034618       0.033823       0.413162     317.968708
    -137.000       0.035247       0.031242       0.415622     324.225350
    -136.000       0.035826       0.026254       0.417852     330.311051
    -135.000       0.036557       0.019217       0.419790     335.878420
    -134.000       0.037082       0.010443       0.421384     340.264024
    -133.000       0.037717       0.000619       0.422583     343.275145
    -132.000       0.038348      -0.009605       0.423356     344.549536
    -131.000       0.038882      -0.019454       0.423683     343.851584
    -130.000       0.039446      -0.028188       0.423548     341.249504
    -129.000       0.039999      -0.035030       0.422956     336.906194
    -128.000       0.040489      -0.039442       0.421922     330.990829
    -127.000       0.040986      -0.040942       0.420467     324.101398
    -126.000       0.041410      -0.039274       0.418631     316.673631
    -125.000       0.041862      -0.034514       0.416464     309.271668
    -124.000       0.042243      -0.026880       0.414014     302.534874
    -123.000       0.042547      -0.016901       0.411355     296.986860
    -122.000       0.042919      -0.005352       0.408558     293.003084
    -121.000       0.043149       0.006873       0.405698     291.028324
    -120.000       0.043371       0.018751       0.402861     291.183279
    -119.000       0.043578       0.029223       0.400130     293.493300
    -118.000       0.043722       0.037378       0.397578     297.858516
    -117.000       0.043813       0.042419       0.395291     303.963050
    -116.000       0.043877       0.043845       0.393330     311.236690
    -115.000       0.043921       0.041499       0.391752     319.205206
    -114.000       0.043884       0.035501       0.390609     327.039247
    -113.000       0.043839       0.026454       0.389928     334.039584
    -112.000       0.043729       0.015061       0.389723     339.555157
    -111.000       0.043647       0.002467       0.390002     343.061276
    -110.000       0.043416      -0.010274       0.390745     344.134258
    -109.000       0.043249      -0.021970       0.391923     342.841109
    -108.000       0.043031      -0.031654       0.393500     339.268504
    -107.000       0.042723      -0.038444       0.395420     333.796579
    -106.000       0.042452      -0.041907       0.397622     327.078770
    -105.000       0.042123      -0.041776       0.400045     319.729271
    -104.000       0.041769      -0.038162       0.402617     312.342263
    -103.000       0.041378      -0.031554       0.405267     305.713450
    -102.000       0.040965      -0.022512       0.407930     300.212760
    -101.000       0.040563      -0.011890       0.410536     296.267175
    -100.000       0.040060      -0.000650       0.413027     294.196760
     -99.000       0.039585       0.010357       0.415346     294.006921
     -98.000       0.039143       0.020276       0.417442     295.662551
     -97.000       0.038553       0.028256       0.419275     299.078416
     -96.000       0.038087       0.033950       0.420814     303.847884
     -95.000       0.037539       0.036824       0.422029     309.630513
     -94.000       0.036998       0.036876       0.422907     316.038637
     -93.000       0.036448       0.034174       0.423437     322.481023
     -92.000       0.035875       0.029036       0.423616     328.497062
     -91.000       0.035320       0.021885       0.423447     333.713333
     -90.000       0.034743       0.013422       0.422944     337.631875
     -89.000       0.034106       0.004219       0.422116     340.016305
     -88.000       0.033598      -0.004962       0.420989     340.821832
     -87.000       0.032938      -0.013456       0.419586     339.847673
     -86.000       0.032347      -0.020660       0.417934     337.372782
     -85.000       0.031800      -0.026138       0.416068     333.612718
     -84.000       0.031158      -0.029446       0.414026     328.810893
     -83.000       0.030581      -0.030527       0.411843     323.436346
     -82.000       0.029987      -0.029319       0.409563     317.929701
     -81.000       0.029404      -0.025989       0.407229     312.567637
     -80.000       0.028805      -0.020866       0.404882     307.829249
     -79.000       0.028209      -0.014435       0.402568     303.994126
     -78.000       0.027646      -0.007119       0.400331     301.215919
     -77.000       0.027078       0.000386       0.398211     299.707246
     -76.000       0.026470       0.007594       0.396251     299.506372
     -75.000       0.025952       0.013932       0.394494     300.496977
     -74.000       0.025408       0.018993       0.392974     302.627284
     -73.000       0.024808       0.022350       0.391730     305.691686
     -72.000       0.024345       0.023982       0.390792     309.335181
     -71.000       0.023790       0.023659       0.390186     313.373097
     -70.000       0.023280       0.021594       0.389932     317.435024
     -69.000       0.022777       0.018031       0.390046     321.168235
     -68.000       0.022294       0.013261       0.390526     324.384207
     -67.000       0.021793       0.007697       0.391374     326.813398
     -66.000       0.021311       0.001923       0.392575     328.301768
     -65.000       0.020822      -0.003805       0.394106     328.829585
     -64.000       0.020389      -0.008916       0.395941     328.437753
     -63.000       0.019863      -0.013117       0.398044     327.139130
     -62.000       0.019417      -0.016199       0.400368     325.213049
     -61.000       0.018983      -0.018015       0.402868     322.811340
     -60.000       0.018469      -0.018438       0.405491     320.116573
     -59.000       0.018044      -0.017684       0.408178     317.419231
     -58.000       0.017605      -0.015823       0.410873     314.900161
     -57.000       0.017156      -0.012989       0.413520     312.641538
     -56.000       0.016739      -0.009617       0.416056     310.910194
     -55.000       0.016330      -0.005809       0.418427     309.671531
     -54.000       0.015961      -0.001846       0.420580     308.981195
     -53.000       0.015571       0.001931       0.422461     308.894965
     -52.000       0.015217       0.005416       0.424028     309.321959
     -51.000       0.014958       0.008504       0.425238     310.187115
     -50.000       0.014600       0.010842       0.426058     311.490966
     -49.000       0.014385       0.012643       0.426465     313.070849
     -48.000       0.014182       0.013680       0.426440     314.843537
     -47.000       0.013987       0.013979       0.425972     316.766736
     -46.000       0.013843       0.013573       0.425073     318.700089
     -45.000       0.013793       0.012566       0.423749     320.536877
     -44.000       0.013706       0.010816       0.422025     322.293504
     -43.000       0.013719       0.008626       0.419940     323.775572
     -42.000       0.013735       0.005946       0.417532     324.955692
     -41.000       0.013824       0.002863       0.414853     325.806444
     -40.000       0.013929      -0.000398       0.411970     326.192618
     -39.000       0.014039      -0.003722       0.408943     326.077110
     -38.000       0.014271      -0.007044       0.405849     325.492249
     -37.000       0.014424      -0.009970       0.402768     324.312605
     -36.000       0.014652      -0.012452       0.399776     322.637838
     -35.000       0.014942      -0.014281       0.396955     320.510446
     -34.000       0.015175      -0.015164       0.394391     317.985180
     -33.000       0.015450      -0.015053       0.392148     315.212205
     -32.000       0.015778      -0.013914       0.390297     312.418668
     -31.000       0.016045      -0.011574       0.388898     309.694857
     -30.000       0.016366      -0.008302       0.387985     307.322815
     -29.000       0.016652      -0.004237       0.387589     305.505746
     -28.000       0.016967       0.000386       0.387721     304.364294
     -27.000       0.017279       0.005200       0.388368     304.064828
     -26.000       0.017507       0.009664       0.389510     304.709478
     -25.000       0.017868       0.013672       0.391108     306.206670
     -24.000       0.018095       0.016555       0.393101     308.580424
     -23.000       0.018341       0.018185       0.395433     311.620000
     -22.000       0.018617       0.018394       0.398027     315.116806
     -21.000       0.018835       0.017038       0.400800     318.813824
     -20.000       0.019003       0.014191       0.403677     322.421158
     -19.000       0.019223       0.010214       0.406577     325.616789
     -18.000       0.019347       0.005234       0.409413     328.144990
     -17.000       0.019487      -0.000241       0.412123     329.807544
     -16.000       0.019560      -0.005689       0.414634     330.415108
     -15.000       0.019635      -0.010779       0.416887     329.971981
     -14.000       0.019679      -0.015001       0.418835     328.500155
     -13.000       0.019651      -0.017942       0.420436     326.142668
     -12.000       0.019613      -0.019440       0.421658     323.107484
     -11.000       0.019597      -0.019374       0.422486     319.731550
     -10.000       0.019425      -0.017566       0.422906     316.201773
      -9.000       0.019325      -0.014453       0.422918     312.956212
      -8.000       0.019180      -0.010122       0.422536     310.169753
      -7.000       0.018937      -0.004952       0.421777     308.134387
      -6.000       0.018748       0.000461       0.420667     306.962453
      -5.000       0.018453       0.005727       0.419247     306.790255
      -4.000       0.018211       0.010453       0.417555     307.536168
      -3.000       0.017846       0.014018       0.415639     309.174260
      -2.000       0.017497       0.016308       0.413555     311.489637
      -1.000       0.017161       0.017116       0.411353     314.246507
       0.000       0.016702       0.016280       0.409093     317.172041
