   2.0694000e+02  -6.8409259e-01   6.0359388e-01  -2.0468460e-01   5.7392385e-01  -8.5421657e-01  -1.1452227e+00  -2.2630985e-01
   2.1073000e+02  -3.3726412e-01   1.6264153e+00   1.0001782e-01   9.2432331e-01  -6.4156162e-01  -1.0494997e+00   4.1679529e-01
   1.9854000e+02   1.3488762e-01   2.4714824e+00   4.2827606e-01   8.9754048e-01  -4.2844773e-01  -2.0490159e-01   4.4364208e-01
   1.7873000e+02   4.0314630e-01   2.4998394e+00   1.3733931e+00   9.2385939e-01  -5.9288021e-01  -1.8543816e-01   3.3714606e-01
   2.0850000e+02   3.1343412e-02   1.6810886e+00   5.1184216e-01   7.3462119e-01  -7.9876471e-01  -1.2343726e+00  -1.5203268e-01
   1.8578000e+02  -4.7858038e-01   9.4785249e-01   7.5430804e-02  -2.0324809e-02  -9.8302942e-01  -1.8535756e+00  -5.7623503e-01
   1.8856000e+02  -1.4158937e+00  -3.5768754e-01  -1.2363484e-01   5.8566101e-02  -1.1425706e+00  -3.1252654e+00  -9.6177018e-01
   1.9134000e+02  -1.1919818e+00   1.3388124e-01  -3.0293130e-01   1.0473354e-01  -1.0499493e+00  -3.1615118e+00  -7.1272317e-01
   1.7546000e+02  -9.0972908e-01   6.7446919e-01  -3.1789049e-01   3.9436000e-01  -8.1130289e-01  -2.4602801e+00  -1.3714495e-01
   1.8140000e+02  -3.9498915e-01   7.0138792e-01   3.2167305e-01   8.8237530e-01  -7.1048284e-01  -1.5412548e+00  -7.5871557e-02
   2.1073000e+02   9.7486598e-02   6.9706474e-01   2.0343695e-01   8.1317506e-01  -4.8569983e-01  -1.2621663e+00   1.9719350e-01
   2.1073000e+02  -1.7732827e-01   5.0326775e-01  -4.8404035e-02   3.2061360e-01  -5.7378842e-01  -1.2457978e+00  -2.8652055e-01
   2.1073000e+02  -1.1056442e-01   3.1388855e-01  -1.9149315e-01   4.9359822e-01  -4.7235867e-01  -9.4896631e-01   4.2946395e-02
   2.1453000e+02  -1.8944735e-01   1.0211042e-01  -1.2910046e-01   3.2534987e-01  -3.0195217e-01   1.9250130e-01   1.3088146e-02
   1.8638000e+02  -1.2314511e-01   4.0223590e-02  -2.1444805e-03   2.4782667e-01  -1.7282295e-01  -1.7232450e-01  -1.2881587e-01
   2.0197000e+02   1.4486765e-01   1.7375429e-01   2.7466158e-01   4.1762652e-01  -3.4761712e-01  -8.8963151e-01  -1.9327387e-01
   1.9944000e+02   2.2956158e-01   3.7978009e-01   2.2052879e-01   3.5517020e-01  -3.8004798e-01  -8.0283363e-01   1.0714491e-01
   1.8571000e+02   2.6658512e-01   5.3273961e-01   4.4459022e-01   5.9951443e-01  -3.3944821e-01  -8.0102772e-01   9.5278492e-02
   2.1094000e+02   5.6824007e-03   1.3243189e-01   1.5004095e-01   1.8630469e-01  -4.2157366e-01  -1.0213191e+00  -2.3258754e-01
   2.0426000e+02  -6.8310082e-02   2.1119102e-01   1.9243961e-02   1.1846453e-01  -6.3238038e-01  -1.1084373e+00  -5.3343038e-01
   2.0878000e+02   1.5589622e-01   7.5561870e-01   6.5812096e-02   1.0515597e-01  -2.8569004e-01  -5.1897087e-01   1.8296343e-01
   2.2026000e+02   5.8109041e-01   8.9319835e-01   2.1262128e-01   2.8801381e-01  -3.0221015e-01  -1.7994899e-01   7.0646147e-01
   2.1115000e+02   1.1596259e-01   2.1156831e-01   9.8515384e-02  -1.4761398e-01  -5.3278906e-02   1.0900911e-01   2.5556714e-01
   2.1098000e+02  -1.4368369e-01   1.8027461e-01  -8.5331681e-02  -2.7455463e-01   1.7585414e-01  -8.4733727e-02  -8.7778161e-02
   2.0632000e+02  -1.6203044e-01  -2.5716593e-02   1.4763712e-01  -2.4269948e-01  -2.1614454e-01   1.5247805e-01  -1.6908592e-01
   2.1930000e+02  -3.4417150e-01  -9.9815379e-01  -8.8085412e-02  -3.7516953e-01  -2.8697000e-01  -1.3681655e-01  -3.3234086e-01
   2.0501000e+02  -2.2311965e-01  -9.5318591e-01   9.0493906e-03  -2.1110718e-01  -2.7578903e-01  -1.5649027e-01  -8.9124079e-02
   1.4395000e+02   3.5119217e-01  -3.3893831e-01   8.2349230e-01   4.7501336e-01  -2.1029043e-01  -8.8039353e-01   3.1992745e-01
   1.9062000e+02   1.4085975e-01  -3.7817807e-01   4.5263282e-01   3.7736273e-01  -2.9801711e-01  -7.6526825e-01  -6.3237251e-02
   1.8530000e+02   8.6977663e-02  -5.1631993e-01   5.9486746e-01   1.1517180e-01  -4.8828637e-01  -9.6714983e-01  -5.9338067e-01
   1.9801000e+02  -1.2251857e-01  -5.4087486e-01  -5.4047963e-02   4.1003167e-01  -3.4136003e-01  -1.1450301e+00  -5.0286388e-01
   1.6243000e+02   3.4811749e-01   8.6524488e-02   7.2532479e-01   1.8484626e-01  -5.6308229e-01  -6.3069112e-01   2.7161933e-01
   1.9994000e+02   8.1813469e-01   3.2659102e-01   1.0530773e+00   2.5219111e-01  -4.6160798e-01  -4.8876293e-01   6.9309709e-01
   1.6825000e+02   6.3680198e-01  -9.4001401e-02   8.8988474e-01  -1.5612311e-02  -2.3065803e-01  -1.0129892e+00   4.6664947e-01
   1.9759000e+02   4.0913917e-01  -1.7195588e-01   9.8678687e-01  -1.1119808e-01  -5.0595712e-01  -1.0331253e+00  -8.5164015e-01
   1.7248000e+02   2.7926245e-01  -2.4457387e-01   7.3590358e-01   1.2896750e-01  -4.2223717e-01  -9.4993075e-01  -2.2555553e+00
   1.6881000e+02   4.7167286e-01  -1.0373957e-01   9.0688577e-01   2.3129805e-01  -5.6003567e-01  -6.2877120e-01  -5.8852814e-01
   2.2804000e+02   8.2004211e-01   6.5561068e-02   1.1443786e+00   3.3472855e-01   4.9167390e-02  -6.7563504e-01   2.9261107e-01
   2.0196000e+02   5.0465878e-01   6.8703465e-02   6.0481544e-01   5.9460303e-01   2.4673139e-01   8.2554152e-01   1.4619113e-01
   2.1072000e+02  -1.0929676e+00  -6.9292520e-01   3.9023837e-01  -3.8841642e-01  -5.0762524e-01   4.0325855e-01  -7.1374177e-01
   2.0416000e+02  -6.7187885e-01  -6.1861887e-01  -6.7890678e-02  -5.2416325e-01  -5.8260383e-01   3.8968625e-01  -1.8997971e-01
   1.9801000e+02  -1.2935088e+00  -8.3962336e-01  -6.6352798e-01  -4.2813956e-01  -5.4403353e-01   2.1596484e-01  -7.9092729e-03
   2.1136000e+02  -1.4726555e+00  -7.3810928e-01  -3.7077279e-01  -4.6237368e-01  -4.0677613e-01   8.1670617e-02   9.0507625e-02
   1.7866000e+02  -1.3949271e+00  -1.3717904e+00   1.7963744e-03  -9.1971090e-01  -7.2408148e-01  -2.3121131e-01  -1.4618676e+00
   1.9968000e+02  -1.3038885e+00  -1.6117007e+00  -7.4114421e-02  -9.9757216e-01  -6.3984443e-01  -4.1536392e-01  -1.9624300e+00
   1.9968000e+02  -1.3333704e+00  -1.7466286e+00  -3.2818454e-01  -9.2678084e-01  -3.6476762e-01   5.8914790e-02  -1.5216218e+00
   1.7298000e+02  -1.0655288e+00  -1.4741076e+00   1.7276697e-02  -6.4257827e-01  -5.0653569e-01   5.3805406e-01  -1.2004881e+00
   1.6293000e+02  -1.4274552e+00  -1.6807169e+00  -3.8322344e-01  -8.2158690e-01  -5.5492714e-01   2.5462721e-01  -1.1979592e+00
   1.9220000e+02  -1.7066253e+00  -1.5552507e+00  -7.7736841e-01  -1.0286343e+00  -8.7734672e-01  -2.3488296e-01  -1.4544347e+00
   1.9169000e+02  -2.0056824e+00  -1.9368782e+00  -1.6533541e+00  -1.4796123e+00  -1.8036222e+00  -1.8701858e-01  -2.2643867e+00
   1.8445000e+02  -1.9105405e+00  -1.9667196e+00  -1.5929707e+00  -1.2349957e+00  -1.0349961e+00   4.1171979e-01  -2.0260549e+00
   1.8390000e+02  -1.8352138e+00  -1.9908939e+00  -1.6634182e+00  -1.1266234e+00  -1.3651827e+00   5.2851724e-02  -2.0835057e+00
   2.0735000e+02  -1.9813732e+00  -2.0636393e+00  -2.0082153e+00  -1.1292890e+00  -1.1399706e+00  -3.9253756e-01  -2.2985581e+00
   1.8738000e+02  -2.0590805e+00  -1.9307635e+00  -1.6944778e+00  -1.4483216e+00  -1.2399769e+00  -3.0113368e-01  -2.2992185e+00
   1.5678000e+02  -1.9878999e+00  -1.6739526e+00  -1.3383401e+00  -7.8117575e-01  -1.1019977e+00  -3.3830228e-02  -2.0927452e+00
   1.8959000e+02  -2.0084439e+00  -1.8136361e+00  -1.4094952e+00  -1.1026313e+00  -1.0589423e+00  -1.2925529e-02  -2.0998344e+00
   2.1422000e+02  -1.9208441e+00  -1.6332685e+00  -1.4588875e+00  -1.0915228e+00  -1.0360784e+00   1.3566605e-01  -1.9570012e+00
   2.0737000e+02  -1.6267691e+00  -1.2188012e+00  -1.2641471e+00  -9.5492352e-01  -9.0882266e-01   2.7940671e-01  -1.7082747e+00
   1.9151000e+02  -8.9681404e-01  -6.3278539e-01  -1.0416126e+00  -3.9942212e-01  -7.8377314e-01   1.2672950e-01  -1.2576743e+00
   1.6038000e+02   5.4296340e-01   4.0788393e-01   1.5208464e-01   1.9635771e-01   3.4672441e-02   9.6334420e-01   6.9252527e-01
   1.9659000e+02   1.8503921e-01   2.6038819e-01  -9.8964157e-02   1.0403742e-01  -2.0051864e-01   6.6043872e-01   5.3210678e-01
   1.5803000e+02   2.7067514e-01   4.5134628e-01   3.1831653e-02  -1.2047085e-01  -2.5694607e-01   4.7802675e-01   6.2201488e-01
   1.5131000e+02   1.6941251e-01   3.3265017e-01  -1.5147180e-01   5.8540675e-01  -1.8781022e-01   3.4138386e-01   3.1122131e-01
   2.1180000e+02   2.4398572e-01   5.8298602e-01   5.0261548e-02   8.1700727e-01  -5.7819179e-02   1.1022466e+00   9.4284422e-01
   1.2726000e+02   6.8798926e-01   7.0837448e-01   4.8024345e-01   6.2589720e-01   1.2225042e-01   9.8644764e-01   1.3333272e+00
   1.1076000e+02   2.3205629e-01   4.4271474e-01   2.4315642e-01  -6.3949238e-02   1.3276949e-01   6.2673661e-01   7.5710134e-01
   1.1406000e+02  -4.8251286e-02   2.2540187e-01   1.9175543e-01   2.7107813e-01   1.4639386e-01   6.8105850e-01   7.1714266e-01
   1.6044000e+02  -1.9687574e-01   4.3972192e-01   2.7447679e-01   6.6614331e-02   4.0770116e-02   7.7648396e-01   6.4890158e-01
   1.2635000e+02   3.5301199e-01  -9.2896242e-02  -2.3250352e-03  -2.9834542e-01   1.7601080e-01   1.5305548e-01   5.7347541e-01
   1.2803000e+02   3.2052092e-01  -1.7251792e-01   2.8394449e-02  -1.7233586e-02   6.2833926e-02   9.8735124e-02   2.3368029e-01
   1.1131000e+02   3.6687091e-01   1.8027788e-01   1.1496691e-01  -2.0723392e-01   1.2685686e-01   4.2162589e-01   5.7874303e-01
   1.8419000e+02   7.3219996e-01   5.0718891e-01   4.5998703e-01   3.7187824e-01   3.6508639e-01   8.8254349e-01   9.6266548e-01
   1.2266000e+02   7.4140198e-01   4.3338187e-01   3.5465403e-01  -1.3503663e-01   2.9094736e-01   5.8269064e-01   6.7628171e-01
   1.2167000e+02   6.2027592e-01   5.8867470e-01   4.7359732e-01   3.1073116e-02   1.8764797e-01   6.6263390e-01   9.2773548e-01
   1.2587000e+02   6.1742388e-01   6.1028103e-01   3.5067608e-01   2.6326924e-01   4.8742937e-01   1.0267402e+00   1.0968733e+00
   1.4979000e+02   8.1678920e-01   4.0727606e-01   5.3703832e-01   3.5893776e-01   3.9399188e-01   1.0637279e+00   1.1641330e+00
   1.5475000e+02   9.1119331e-01   2.2707980e-01   5.8067263e-01   4.4978005e-01   4.7064764e-01   1.1492138e+00   1.0126748e+00
   1.6116000e+02   1.0218021e+00   4.8734652e-01   1.2905466e+00   3.6985475e-02   8.9253205e-01   1.4574990e+00   9.5526969e-01
   1.1496000e+02   8.1114537e-01  -2.2698332e-02   3.5010675e-01   1.0887323e-01   5.4285209e-01   6.8939241e-01   9.7819375e-01
   1.4640000e+02   9.2329064e-01   1.9828397e-01   3.9092428e-01   6.9280201e-01   6.0485257e-01   1.0084289e+00   3.9430112e-01
   1.5128000e+02   9.7907653e-01   4.3911641e-01   9.4896903e-01   2.6064566e-01   1.2123023e+00   9.2212950e-01   7.5054094e-01
   1.2288000e+02   1.0635542e+00   3.6194734e-01   8.9899194e-01  -2.8934289e-02   5.8636786e-01   5.5086208e-01   5.1389335e-01
   1.3006000e+02   6.4304480e-01   4.1426461e-01   6.6651653e-01  -1.2806857e-01   3.3582151e-01   3.8879932e-01   2.6038370e-01
   1.2251000e+02   5.0922578e-01   3.6884995e-01   3.2942072e-01   5.5882677e-02   2.2980961e-01   6.7159160e-01   5.3763074e-01
   1.4782000e+02   6.2796910e-01   2.3640541e-01   3.1672614e-01   4.8868376e-01   1.0940612e+00   5.8634296e-01   4.7747010e-01
   1.5384000e+02   8.4262488e-01   3.3971392e-01   4.3587512e-01  -2.2075428e-01   6.7298920e-01   6.1374260e-01   4.8819514e-01
   1.3763000e+02  -7.2303449e-01   2.7381671e-01  -9.0256281e-01  -4.9530194e-02   7.4351519e-02  -3.5163605e-01  -9.3922972e-01
   1.4420000e+02  -1.6512533e+00  -1.8335069e+00  -1.3788341e+00  -3.0948845e-01   8.9559482e-01  -6.5519458e-01  -1.0278364e+00
   1.5292000e+02  -1.4539008e+00  -1.8935562e+00  -9.8149347e-01  -7.1916204e-01   3.5642907e-01  -4.4072447e-01  -1.2698564e+00
   1.4238000e+02  -9.3974773e-01  -1.2753285e+00  -3.3451655e-01  -8.1356618e-01   3.0010222e-01  -4.9255507e-01  -6.7587717e-01
   1.2288000e+02  -6.6627554e-01  -9.6828953e-01  -4.5265796e-01  -9.1307002e-01   5.8360224e-01   2.4409711e-01  -9.2645679e-02
   1.4350000e+02  -7.8667135e-01  -8.6095403e-01  -7.5980583e-01  -2.6840525e-01   1.9515997e-01   6.2189054e-02  -2.2350602e-01
   1.8228000e+02  -6.3351660e-01  -6.7123416e-01  -3.8401206e-01  -7.5525777e-01   4.3755720e-01  -3.8566248e-01  -3.0478711e-01
   1.2683000e+02   1.7250040e-01   3.5249763e-01   5.6758462e-02   5.9780564e-01   5.1790651e-02   2.1465109e-01   4.5999636e-01
   1.5907000e+02  -7.2795606e-02   2.9606621e-01  -1.2676909e-01  -5.2204381e-03   7.6442574e-01   1.1299289e-01   3.8882135e-01
   1.5570000e+02  -2.6819535e-02   4.5133861e-01  -9.5398915e-02   6.6896808e-01   5.5902457e-01   2.0126032e-01   5.5844371e-01
   1.5575000e+02   5.3033356e-01   8.2455706e-01  -1.1826173e-01   4.9763977e-01   6.8583955e-01   8.7721393e-01   9.1938826e-01
   1.5909000e+02   9.7789214e-01   8.9172969e-01  -3.7387267e-02   4.5061868e-01   6.7746113e-01   9.3506761e-01   1.1151554e+00
   1.5575000e+02   7.0788836e-01   4.4851669e-01   4.4173812e-02   5.4226993e-02   5.0958818e-01   7.0756537e-01   6.1801412e-01
   1.5127000e+02   7.3362425e-01   5.4979273e-01   5.1582591e-02   1.8255794e-01   9.2082525e-01   9.3443377e-01   5.2502668e-01
   1.3117000e+02   1.1285926e+00   1.0131776e+00   9.0674685e-01   6.2730370e-01   1.0356869e+00   1.3946728e+00   9.2988038e-01
   1.3117000e+02   1.0773533e+00   7.5905722e-01   6.3570455e-01   4.2246743e-01   8.0903618e-01   8.4590455e-01   8.3752096e-01
   1.3810000e+02   9.4077895e-01   5.6609137e-01   6.5065131e-01   4.8593318e-01   4.3941429e-01   7.3873081e-01   6.9165956e-01
   1.3810000e+02   9.7017323e-01   7.9118503e-01   1.9203236e-01   2.3334587e-01   5.0810431e-01   1.0749189e+00   9.5405911e-01
   1.0198000e+02   1.2164854e+00   7.4710460e-01   3.9391967e-01   6.3401265e-01   9.0872609e-01   1.1117271e+00   1.0169288e+00
   1.1431750e+02   1.0946613e+00   6.6279566e-01   3.2519001e-01   2.1780944e-02   3.9863960e-01   5.9384528e-01   8.5040512e-01
   1.4541000e+02   9.1046413e-01   3.2963295e-01  -9.9848688e-02   3.4226055e-01   1.0110181e+00   3.1882708e-01   8.8693860e-01
   1.3212333e+02   7.5919633e-01   3.8835715e-01  -1.9616073e-01   2.7311446e-01   5.7297618e-01   4.9209794e-01   9.6446079e-01
   1.3615000e+02   1.0299779e+00   5.0353684e-01   8.1761194e-01   3.9657692e-01   7.5001293e-01   5.3544845e-01   9.6937970e-01
   1.2899000e+02   1.0765909e+00   5.0007263e-01   2.9321929e-01   3.6072024e-01   9.8127739e-01   6.8717935e-01   6.5536535e-01
   1.4142000e+02   8.6621735e-01   5.9194443e-01  -2.7411841e-01   3.1666053e-01   1.0779327e+00   1.5796932e-01   4.2582801e-01
   1.3052000e+02   4.1674954e-01   5.7283276e-02  -7.9731382e-01  -7.8004143e-01  -6.6031776e-02  -2.3199145e-01  -1.6717002e-01
   1.1677000e+02   3.4836756e-01  -6.3377446e-01  -4.9024506e-01  -1.3364161e+00  -2.2832590e-02  -3.1380624e-01   1.2720349e-01
   1.4853000e+02   2.3996110e-01  -2.9164267e-01  -2.2538459e-01  -6.7396895e-01   9.0332228e-01  -3.9013105e-02   3.5415318e-01
   1.2960667e+02   3.3552932e-01   2.5277309e-01  -3.4084121e-01   2.5674307e-01   1.8184271e-01   2.0496464e-01   6.7745732e-01
   1.3607000e+02   4.3359347e-01   1.8290658e-01  -4.3327051e-01   5.8050679e-01   1.2904465e-01   9.9328148e-02   4.8751198e-01
   1.1278000e+02   6.4816957e-01   1.1847972e+00   1.4526586e-01   4.0390724e-01   6.7950965e-01   2.8566047e-01   3.1537374e-01
   1.4731000e+02   4.5589621e-01   7.4768887e-01  -2.0437331e-01   2.4412658e-01   4.7910209e-01   3.9461372e-01   5.5820982e-01
   1.1089500e+02   7.2356835e-01   7.5463945e-01   5.6878192e-02   8.0211028e-01   7.4443260e-01   4.5774080e-01   7.1315505e-01
   1.0177000e+02   8.0286789e-01   6.8203491e-01   1.7371073e-04   4.2793447e-01   7.2506299e-01   4.9834200e-01   7.2137261e-01
   1.2045200e+02   9.0416356e-01   6.5320168e-01  -2.2303720e-02   2.6111388e-01   1.4938142e-01   1.6193115e-01   6.0223585e-01
   1.3156000e+02   7.6804652e-01   5.8814281e-01  -1.6924385e-01   1.4005663e-01   8.7864207e-01   5.6065460e-01   3.6523218e-01
   1.2282667e+02   1.0033769e+00   6.1721812e-01   1.7650036e-01   3.7089739e-01   9.8710471e-01   6.7891824e-01   6.8436452e-01
   1.3390000e+02   8.8675813e-01   4.8008773e-01   2.4370669e-01   2.1978771e-01   7.2539805e-01   3.1101681e-01   3.7505524e-01
   9.9480001e+01   7.3511033e-01   6.9104399e-01   2.0886050e-01   1.7312634e-01   4.6555842e-01   5.7646292e-01   4.8295053e-01
   1.1189000e+02   1.0864700e+00  -1.3212526e+01   8.8123993e-01  -3.7514260e-01   4.1365219e-01   2.6008803e-01   2.5730913e-01
